name,email,phone,current_company,title
Aviral Kaushik,aviral@gmail.com,9876543210,Google,SDE Intern
